0004
0007
0008
0010
0011
0019
0022
0023
0025
0026
0027
0028
0029
0031
0032
0034
0036
0038
0039
0041
0042
0047
0049
0051
0052
0053
0059
0060
0061
0062
0065
0066
0067
0070
0072
0073
0075
0077
0078
0079
0082
0084
0085
0086
0087
0089
0090
0092
0093
0094
0095
0097
0098
0099
0101
0103
0105
0106
0108
0109
0110
0112
0114
0116
0118
0119
0120
0121
0122
0125
0126
0127
0129
0130
0131
0133
0134
0135
0137
0140
0141
0142
0143
0145
0147
0149
0151
0152
0153
0154
0155
0162
0164
0166
0167
0168
0169
0172
0176
0178
0179
0182
0183
0184
0188
0189
0192
0194
0196
0197
0198
0199
0200
0202
0204
0206
0207
0208
0210
0211
0212
0215
0217
0218
0222
0224
0226
0227
0229
0230
0232
0234
0237
0238
0239
0240
0243
0246
0247
0248
0249
0250
0251
0252
0253
0254
0257
0258
0260
0261
0263
0264
0265
0266
0267
0268
0269
0270
0271
0273
0274
0275
0277
0279
0282
0285
0286
0287
0289
0290
0291
0292
0293
0295
0296
0297
0300
0301
0303
0304
0308
0309
0311
0314
0315
0321
0323
0324
0325
0328
0330
0331
0334
0335
0336
0338
0340
0342
0343
0344
0345
0346
0347
0348
0349
0350
0353
0354
0355
0356
0357
0359
0361
0363
0365
0366
0367
0368
0369
0372
0374
0375
0376
0377
0378
0379
0380
0381
0382
0386
0388
0390
0391
0392
0395
0397
0400
0405
0406
0412
0415
0418
0420
0421
0425
0427
0432
0433
0434
0435
0436
0437
0438
0439
0440
0441
0444
0445
0446
0447
0448
0449
0453
0454
0456
0457
0458
0459
0460
0461
0463
0465
0467
0468
0469
0470
0472
0473
0474
0477
0478
0480
0481
0482
0483
0484
0486
0490
0491
0494
0495
0496
0499
0500
0503
0504
0505
0506
0508
0513
0514
0516
0517
0518
0519
0521
0522
0525
0529
0531
0533
0535
0537
0539
0540
0541
0543
0548
0549
0550
0553
0556
0558
0559
0561
0564
0566
0567
0571
0572
0573
0581
0582
0586
0587
0588
0589
0590
0591
0592
0593
0595
0596
0598
0599
0600
