image_6_1:81 580 511 635
image_6_2:412 0 720 49
image_6_3:0 0 162 57
image_6_4:92 483 266 554
image_6_5:287 1082 434 1135
image_6_6:101 692 225 744
image_6_7:417 792 491 839
image_6_8:547 793 617 839
image_6_1:81 580 511 635
image_6_2:412 0 720 49
image_6_3:0 0 162 57
image_6_4:92 483 266 554
image_6_5:287 1082 434 1135
image_6_6:101 692 225 744
image_6_7:417 792 491 839
image_6_8:547 793 617 839
image_6_1:81 580 511 635
image_6_2:412 0 720 49
image_6_3:0 0 162 57
image_6_4:92 483 266 554
image_6_5:287 1082 434 1135
image_6_6:101 692 225 744
image_6_7:417 792 491 839
image_6_8:547 793 617 839
image_6_1:81 580 511 635
image_6_2:412 0 720 49
image_6_3:0 0 162 57
image_6_4:92 483 266 554
image_6_5:287 1082 434 1135
image_6_6:101 692 225 744
image_6_7:417 792 491 839
image_6_8:547 793 617 839
