image_10_1:0 58 720 471
image_10_2:0 760 302 1115
image_10_3:252 823 408 1096
image_10_4:25 483 153 783
image_10_5:211 483 328 758
image_10_6:215 1122 504 1269
image_10_7:572 483 686 758
image_10_8:468 858 619 1096
image_10_9:393 483 506 758
image_10_10:324 0 714 42
image_10_11:485 1121 680 1270
image_10_12:5 1121 206 1269
image_10_13:235 391 475 484
image_10_14:630 890 720 988
image_10_15:0 0 121 62
image_10_16:573 796 707 840
image_10_17:112 172 179 234
image_10_18:276 857 345 912
image_10_19:681 1024 720 1095
image_10_20:310 792 364 836
image_10_21:133 418 185 471
image_10_22:169 393 220 427
image_10_23:680 194 720 228
image_10_24:168 451 209 479
image_10_25:0 295 21 331
image_10_26:704 361 720 389
image_10_1:0 58 720 471
image_10_2:0 760 302 1115
image_10_3:252 823 408 1096
image_10_4:25 483 153 783
image_10_5:211 483 328 758
image_10_6:215 1122 504 1269
image_10_7:572 483 686 758
image_10_8:468 858 619 1096
image_10_9:393 483 506 758
image_10_10:324 0 714 42
image_10_11:485 1121 680 1270
image_10_12:5 1121 206 1269
image_10_13:235 391 475 484
image_10_14:630 890 720 988
image_10_15:0 0 121 62
image_10_16:573 796 707 840
image_10_17:112 172 179 234
image_10_18:276 857 345 912
image_10_19:681 1024 720 1095
image_10_20:310 792 364 836
image_10_21:133 418 185 471
image_10_22:169 393 220 427
image_10_23:680 194 720 228
image_10_24:168 451 209 479
image_10_25:0 295 21 331
image_10_26:704 361 720 389
image_10_1:0 58 720 471
image_10_2:0 760 302 1115
image_10_3:252 823 408 1096
image_10_4:25 483 153 783
image_10_5:211 483 328 758
image_10_6:215 1122 504 1269
image_10_7:572 483 686 758
image_10_8:468 858 619 1096
image_10_9:393 483 506 758
image_10_10:324 0 714 42
image_10_11:485 1121 680 1270
image_10_12:5 1121 206 1269
image_10_13:235 391 475 484
image_10_14:630 890 720 988
image_10_15:0 0 121 62
image_10_16:573 796 707 840
image_10_17:112 172 179 234
image_10_18:276 857 345 912
image_10_19:681 1024 720 1095
image_10_20:310 792 364 836
image_10_21:133 418 185 471
image_10_22:169 393 220 427
image_10_23:680 194 720 228
image_10_24:168 451 209 479
image_10_25:0 295 21 331
image_10_26:704 361 720 389
image_10_1:0 58 720 471
image_10_2:0 760 302 1115
image_10_3:252 823 408 1096
image_10_4:25 483 153 783
image_10_5:211 483 328 758
image_10_6:215 1122 504 1269
image_10_7:572 483 686 758
image_10_8:468 858 619 1096
image_10_9:393 483 506 758
image_10_10:324 0 714 42
image_10_11:485 1121 680 1270
image_10_12:5 1121 206 1269
image_10_13:235 391 475 484
image_10_14:630 890 720 988
image_10_15:0 0 121 62
image_10_16:573 796 707 840
image_10_17:112 172 179 234
image_10_18:276 857 345 912
image_10_19:681 1024 720 1095
image_10_20:310 792 364 836
image_10_21:133 418 185 471
image_10_22:169 393 220 427
image_10_23:680 194 720 228
image_10_24:168 451 209 479
image_10_25:0 295 21 331
image_10_26:704 361 720 389
