image_7_1:425 961 657 1033
image_7_2:781 8 1070 65
image_7_3:385 89 488 198
image_7_4:15 5 283 66
image_7_5:15 260 228 321
image_7_6:586 0 773 64
image_7_7:537 854 747 906
image_7_8:331 852 528 907
image_7_9:358 524 561 693
image_7_10:631 1652 720 1764
image_7_11:90 1657 179 1765
image_7_12:358 1651 449 1763
image_7_13:518 416 714 573
image_7_14:899 1654 990 1764
image_7_15:867 259 999 320
image_7_16:597 259 729 320
image_7_17:325 258 456 322
image_7_18:590 113 694 177
image_7_19:267 1811 333 1884
image_7_20:593 577 631 621
image_7_21:537 681 573 727
image_7_22:585 687 625 726
image_7_23:515 704 555 742
image_7_24:445 652 484 691
image_7_25:607 665 642 708
image_7_26:515 1856 561 1885
image_7_27:518 1810 564 1839
image_7_28:502 1827 531 1871
image_7_29:548 1824 577 1868
image_7_30:293 21 336 50
image_7_31:451 475 480 517
image_7_32:745 1853 774 1882
image_7_1:425 961 657 1033
image_7_2:781 8 1070 65
image_7_3:385 89 488 198
image_7_4:15 5 283 66
image_7_5:15 260 228 321
image_7_6:586 0 773 64
image_7_7:537 854 747 906
image_7_8:331 852 528 907
image_7_9:358 524 561 693
image_7_10:631 1652 720 1764
image_7_11:90 1657 179 1765
image_7_12:358 1651 449 1763
image_7_13:518 416 714 573
image_7_14:899 1654 990 1764
image_7_15:867 259 999 320
image_7_16:597 259 729 320
image_7_17:325 258 456 322
image_7_18:590 113 694 177
image_7_19:267 1811 333 1884
image_7_20:593 577 631 621
image_7_21:537 681 573 727
image_7_22:585 687 625 726
image_7_23:515 704 555 742
image_7_24:445 652 484 691
image_7_25:607 665 642 708
image_7_26:515 1856 561 1885
image_7_27:518 1810 564 1839
image_7_28:502 1827 531 1871
image_7_29:548 1824 577 1868
image_7_30:293 21 336 50
image_7_31:451 475 480 517
image_7_32:745 1853 774 1882
image_7_1:425 961 657 1033
image_7_2:781 8 1070 65
image_7_3:385 89 488 198
image_7_4:15 5 283 66
image_7_5:15 260 228 321
image_7_6:586 0 773 64
image_7_7:537 854 747 906
image_7_8:331 852 528 907
image_7_9:358 524 561 693
image_7_10:631 1652 720 1764
image_7_11:90 1657 179 1765
image_7_12:358 1651 449 1763
image_7_13:518 416 714 573
image_7_14:899 1654 990 1764
image_7_15:867 259 999 320
image_7_16:597 259 729 320
image_7_17:325 258 456 322
image_7_18:590 113 694 177
image_7_19:267 1811 333 1884
image_7_20:593 577 631 621
image_7_21:537 681 573 727
image_7_22:585 687 625 726
image_7_23:515 704 555 742
image_7_24:445 652 484 691
image_7_25:607 665 642 708
image_7_26:515 1856 561 1885
image_7_27:518 1810 564 1839
image_7_28:502 1827 531 1871
image_7_29:548 1824 577 1868
image_7_30:293 21 336 50
image_7_31:451 475 480 517
image_7_32:745 1853 774 1882
image_7_1:425 961 657 1033
image_7_2:781 8 1070 65
image_7_3:385 89 488 198
image_7_4:15 5 283 66
image_7_5:15 260 228 321
image_7_6:586 0 773 64
image_7_7:537 854 747 906
image_7_8:331 852 528 907
image_7_9:358 524 561 693
image_7_10:631 1652 720 1764
image_7_11:90 1657 179 1765
image_7_12:358 1651 449 1763
image_7_13:518 416 714 573
image_7_14:899 1654 990 1764
image_7_15:867 259 999 320
image_7_16:597 259 729 320
image_7_17:325 258 456 322
image_7_18:590 113 694 177
image_7_19:267 1811 333 1884
image_7_20:593 577 631 621
image_7_21:537 681 573 727
image_7_22:585 687 625 726
image_7_23:515 704 555 742
image_7_24:445 652 484 691
image_7_25:607 665 642 708
image_7_26:515 1856 561 1885
image_7_27:518 1810 564 1839
image_7_28:502 1827 531 1871
image_7_29:548 1824 577 1868
image_7_30:293 21 336 50
image_7_31:451 475 480 517
image_7_32:745 1853 774 1882
