image_1_1:24 650 1059 745
image_1_2:279 1162 801 1226
image_1_3:366 1363 837 1424
image_1_4:676 301 876 429
image_1_5:640 811 841 940
image_1_6:621 5 1071 60
image_1_7:437 87 684 163
image_1_8:549 971 735 1032
image_1_9:526 457 711 519
image_1_10:345 971 536 1032
image_1_11:464 1494 662 1555
image_1_12:227 1326 360 1459
image_1_13:240 825 414 959
image_1_14:369 457 512 518
image_1_15:481 1808 597 1878
image_1_16:17 3 165 59
image_1_17:486 1652 596 1720
image_1_18:192 307 324 433
image_1_19:949 99 1044 155
image_1_20:712 341 772 398
image_1_21:492 342 548 424
image_1_22:761 339 815 392
image_1_23:581 830 621 900
image_1_24:617 316 654 384
image_1_25:405 886 445 939
image_1_26:467 882 519 944
image_1_27:528 864 566 905
image_1_28:545 897 587 938
image_1_29:540 315 583 353
image_1_30:478 317 515 360
image_1_31:581 382 618 423
image_1_32:406 315 444 355
image_1_33:510 829 548 868
image_1_34:441 383 478 423
image_1_35:441 830 478 868
image_1_36:369 829 405 864
image_1_37:568 349 598 390
image_1_38:372 385 406 421
image_1_1:24 650 1059 745
image_1_2:279 1162 801 1226
image_1_3:366 1363 837 1424
image_1_4:676 301 876 429
image_1_5:640 811 841 940
image_1_6:621 5 1071 60
image_1_7:437 87 684 163
image_1_8:549 971 735 1032
image_1_9:526 457 711 519
image_1_10:345 971 536 1032
image_1_11:464 1494 662 1555
image_1_12:227 1326 360 1459
image_1_13:240 825 414 959
image_1_14:369 457 512 518
image_1_15:481 1808 597 1878
image_1_16:17 3 165 59
image_1_17:486 1652 596 1720
image_1_18:192 307 324 433
image_1_19:949 99 1044 155
image_1_20:712 341 772 398
image_1_21:492 342 548 424
image_1_22:761 339 815 392
image_1_23:581 830 621 900
image_1_24:617 316 654 384
image_1_25:405 886 445 939
image_1_26:467 882 519 944
image_1_27:528 864 566 905
image_1_28:545 897 587 938
image_1_29:540 315 583 353
image_1_30:478 317 515 360
image_1_31:581 382 618 423
image_1_32:406 315 444 355
image_1_33:510 829 548 868
image_1_34:441 383 478 423
image_1_35:441 830 478 868
image_1_36:369 829 405 864
image_1_37:568 349 598 390
image_1_38:372 385 406 421
image_1_1:24 650 1059 745
image_1_2:279 1162 801 1226
image_1_3:366 1363 837 1424
image_1_4:676 301 876 429
image_1_5:640 811 841 940
image_1_6:621 5 1071 60
image_1_7:437 87 684 163
image_1_8:549 971 735 1032
image_1_9:526 457 711 519
image_1_10:345 971 536 1032
image_1_11:464 1494 662 1555
image_1_12:227 1326 360 1459
image_1_13:240 825 414 959
image_1_14:369 457 512 518
image_1_15:481 1808 597 1878
image_1_16:17 3 165 59
image_1_17:486 1652 596 1720
image_1_18:192 307 324 433
image_1_19:949 99 1044 155
image_1_20:712 341 772 398
image_1_21:492 342 548 424
image_1_22:761 339 815 392
image_1_23:581 830 621 900
image_1_24:617 316 654 384
image_1_25:405 886 445 939
image_1_26:467 882 519 944
image_1_27:528 864 566 905
image_1_28:545 897 587 938
image_1_29:540 315 583 353
image_1_30:478 317 515 360
image_1_31:581 382 618 423
image_1_32:406 315 444 355
image_1_33:510 829 548 868
image_1_34:441 383 478 423
image_1_35:441 830 478 868
image_1_36:369 829 405 864
image_1_37:568 349 598 390
image_1_38:372 385 406 421
image_1_1:24 650 1059 745
image_1_2:279 1162 801 1226
image_1_3:366 1363 837 1424
image_1_4:676 301 876 429
image_1_5:640 811 841 940
image_1_6:621 5 1071 60
image_1_7:437 87 684 163
image_1_8:549 971 735 1032
image_1_9:526 457 711 519
image_1_10:345 971 536 1032
image_1_11:464 1494 662 1555
image_1_12:227 1326 360 1459
image_1_13:240 825 414 959
image_1_14:369 457 512 518
image_1_15:481 1808 597 1878
image_1_16:17 3 165 59
image_1_17:486 1652 596 1720
image_1_18:192 307 324 433
image_1_19:949 99 1044 155
image_1_20:712 341 772 398
image_1_21:492 342 548 424
image_1_22:761 339 815 392
image_1_23:581 830 621 900
image_1_24:617 316 654 384
image_1_25:405 886 445 939
image_1_26:467 882 519 944
image_1_27:528 864 566 905
image_1_28:545 897 587 938
image_1_29:540 315 583 353
image_1_30:478 317 515 360
image_1_31:581 382 618 423
image_1_32:406 315 444 355
image_1_33:510 829 548 868
image_1_34:441 383 478 423
image_1_35:441 830 478 868
image_1_36:369 829 405 864
image_1_37:568 349 598 390
image_1_38:372 385 406 421
