image_3_1:4 418 714 721
image_3_2:204 165 582 374
image_3_3:279 737 439 840
image_3_4:359 0 720 50
image_3_5:8 0 256 56
image_3_6:15 205 197 329
image_3_7:0 1172 127 1280
image_3_8:410 1171 537 1280
image_3_9:595 1172 720 1280
image_3_10:192 1172 295 1280
image_3_11:277 69 448 124
image_3_12:653 418 715 481
image_3_13:328 295 397 349
image_3_14:326 245 389 298
image_3_15:327 194 389 247
image_3_16:334 1197 385 1252
image_3_17:55 469 101 516
image_3_18:309 1245 399 1280
image_3_19:380 1171 425 1214
image_3_20:294 1172 329 1211
image_3_21:293 1231 322 1262
image_3_22:398 1234 426 1263
image_3_1:4 418 714 721
image_3_2:204 165 582 374
image_3_3:279 737 439 840
image_3_4:359 0 720 50
image_3_5:8 0 256 56
image_3_6:15 205 197 329
image_3_7:0 1172 127 1280
image_3_8:410 1171 537 1280
image_3_9:595 1172 720 1280
image_3_10:192 1172 295 1280
image_3_11:277 69 448 124
image_3_12:653 418 715 481
image_3_13:328 295 397 349
image_3_14:326 245 389 298
image_3_15:327 194 389 247
image_3_16:334 1197 385 1252
image_3_17:55 469 101 516
image_3_18:309 1245 399 1280
image_3_19:380 1171 425 1214
image_3_20:294 1172 329 1211
image_3_21:293 1231 322 1262
image_3_22:398 1234 426 1263
image_3_1:4 418 714 721
image_3_2:204 165 582 374
image_3_3:279 737 439 840
image_3_4:359 0 720 50
image_3_5:8 0 256 56
image_3_6:15 205 197 329
image_3_7:0 1172 127 1280
image_3_8:410 1171 537 1280
image_3_9:595 1172 720 1280
image_3_10:192 1172 295 1280
image_3_11:277 69 448 124
image_3_12:653 418 715 481
image_3_13:328 295 397 349
image_3_14:326 245 389 298
image_3_15:327 194 389 247
image_3_16:334 1197 385 1252
image_3_17:55 469 101 516
image_3_18:309 1245 399 1280
image_3_19:380 1171 425 1214
image_3_20:294 1172 329 1211
image_3_21:293 1231 322 1262
image_3_22:398 1234 426 1263
image_3_1:4 418 714 721
image_3_2:204 165 582 374
image_3_3:279 737 439 840
image_3_4:359 0 720 50
image_3_5:8 0 256 56
image_3_6:15 205 197 329
image_3_7:0 1172 127 1280
image_3_8:410 1171 537 1280
image_3_9:595 1172 720 1280
image_3_10:192 1172 295 1280
image_3_11:277 69 448 124
image_3_12:653 418 715 481
image_3_13:328 295 397 349
image_3_14:326 245 389 298
image_3_15:327 194 389 247
image_3_16:334 1197 385 1252
image_3_17:55 469 101 516
image_3_18:309 1245 399 1280
image_3_19:380 1171 425 1214
image_3_20:294 1172 329 1211
image_3_21:293 1231 322 1262
image_3_22:398 1234 426 1263
