image_4_1:371 832 704 1005
image_4_2:416 514 663 740
image_4_3:337 1636 739 1696
image_4_4:609 0 856 56
image_4_5:125 1103 301 1160
image_4_6:856 5 1070 54
image_4_7:479 1427 601 1496
image_4_8:48 1060 107 1201
image_4_9:7 4 156 54
image_4_10:47 1210 109 1351
image_4_11:526 596 601 647
image_4_12:133 1265 259 1298
image_4_13:443 921 495 972
image_4_14:24 1174 52 1202
image_4_1:371 832 704 1005
image_4_2:416 514 663 740
image_4_3:337 1636 739 1696
image_4_4:609 0 856 56
image_4_5:125 1103 301 1160
image_4_6:856 5 1070 54
image_4_7:479 1427 601 1496
image_4_8:48 1060 107 1201
image_4_9:7 4 156 54
image_4_10:47 1210 109 1351
image_4_11:526 596 601 647
image_4_12:133 1265 259 1298
image_4_13:443 921 495 972
image_4_14:24 1174 52 1202
image_4_1:371 832 704 1005
image_4_2:416 514 663 740
image_4_3:337 1636 739 1696
image_4_4:609 0 856 56
image_4_5:125 1103 301 1160
image_4_6:856 5 1070 54
image_4_7:479 1427 601 1496
image_4_8:48 1060 107 1201
image_4_9:7 4 156 54
image_4_10:47 1210 109 1351
image_4_11:526 596 601 647
image_4_12:133 1265 259 1298
image_4_13:443 921 495 972
image_4_14:24 1174 52 1202
image_4_1:371 832 704 1005
image_4_2:416 514 663 740
image_4_3:337 1636 739 1696
image_4_4:609 0 856 56
image_4_5:125 1103 301 1160
image_4_6:856 5 1070 54
image_4_7:479 1427 601 1496
image_4_8:48 1060 107 1201
image_4_9:7 4 156 54
image_4_10:47 1210 109 1351
image_4_11:526 596 601 647
image_4_12:133 1265 259 1298
image_4_13:443 921 495 972
image_4_14:24 1174 52 1202
