image_2_1:397 86 682 170
image_2_2:408 742 668 820
image_2_3:878 5 1076 54
image_2_4:47 379 109 520
image_2_5:47 229 109 370
image_2_6:46 529 108 670
image_2_7:133 586 393 616
image_2_8:133 286 393 316
image_2_9:8 5 111 53
image_2_10:133 436 327 466
image_2_11:822 5 878 50
image_2_12:22 108 83 168
image_2_1:397 86 682 170
image_2_2:408 742 668 820
image_2_3:878 5 1076 54
image_2_4:47 379 109 520
image_2_5:47 229 109 370
image_2_6:46 529 108 670
image_2_7:133 586 393 616
image_2_8:133 286 393 316
image_2_9:8 5 111 53
image_2_10:133 436 327 466
image_2_11:822 5 878 50
image_2_12:22 108 83 168
image_2_1:397 86 682 170
image_2_2:408 742 668 820
image_2_3:878 5 1076 54
image_2_4:47 379 109 520
image_2_5:47 229 109 370
image_2_6:46 529 108 670
image_2_7:133 586 393 616
image_2_8:133 286 393 316
image_2_9:8 5 111 53
image_2_10:133 436 327 466
image_2_11:822 5 878 50
image_2_12:22 108 83 168
image_2_1:397 86 682 170
image_2_2:408 742 668 820
image_2_3:878 5 1076 54
image_2_4:47 379 109 520
image_2_5:47 229 109 370
image_2_6:46 529 108 670
image_2_7:133 586 393 616
image_2_8:133 286 393 316
image_2_9:8 5 111 53
image_2_10:133 436 327 466
image_2_11:822 5 878 50
image_2_12:22 108 83 168
