image_5_1:0 0 480 118
image_5_2:0 651 466 734
image_5_3:12 387 201 542
image_5_4:0 320 327 370
image_5_5:13 248 271 299
image_5_6:114 127 319 209
image_5_7:319 784 391 831
image_5_8:88 784 160 830
image_5_9:363 148 431 192
image_5_1:0 0 480 118
image_5_2:0 651 466 734
image_5_3:12 387 201 542
image_5_4:0 320 327 370
image_5_5:13 248 271 299
image_5_6:114 127 319 209
image_5_7:319 784 391 831
image_5_8:88 784 160 830
image_5_9:363 148 431 192
image_5_1:0 0 480 118
image_5_2:0 651 466 734
image_5_3:12 387 201 542
image_5_4:0 320 327 370
image_5_5:13 248 271 299
image_5_6:114 127 319 209
image_5_7:319 784 391 831
image_5_8:88 784 160 830
image_5_9:363 148 431 192
image_5_1:0 0 480 118
image_5_2:0 651 466 734
image_5_3:12 387 201 542
image_5_4:0 320 327 370
image_5_5:13 248 271 299
image_5_6:114 127 319 209
image_5_7:319 784 391 831
image_5_8:88 784 160 830
image_5_9:363 148 431 192
