image_9_1:23 236 516 310
image_9_2:20 923 517 960
image_9_3:18 0 331 97
image_9_4:301 0 540 41
image_9_5:216 147 333 209
image_9_6:420 342 540 453
image_9_7:142 369 295 422
image_9_8:20 773 110 868
image_9_9:21 473 93 568
image_9_10:19 621 129 682
image_9_11:203 654 263 739
image_9_12:31 55 88 94
image_9_13:355 843 388 890
image_9_14:355 693 388 740
image_9_15:302 543 333 590
image_9_16:111 543 140 588
image_9_17:153 843 181 885
image_9_18:153 693 181 735
image_9_19:395 559 426 588
image_9_20:421 859 452 888
image_9_21:421 709 452 738
image_9_22:488 861 518 889
image_9_23:488 711 518 739
image_9_24:488 561 518 589
image_9_1:23 236 516 310
image_9_2:20 923 517 960
image_9_3:18 0 331 97
image_9_4:301 0 540 41
image_9_5:216 147 333 209
image_9_6:420 342 540 453
image_9_7:142 369 295 422
image_9_8:20 773 110 868
image_9_9:21 473 93 568
image_9_10:19 621 129 682
image_9_11:203 654 263 739
image_9_12:31 55 88 94
image_9_13:355 843 388 890
image_9_14:355 693 388 740
image_9_15:302 543 333 590
image_9_16:111 543 140 588
image_9_17:153 843 181 885
image_9_18:153 693 181 735
image_9_19:395 559 426 588
image_9_20:421 859 452 888
image_9_21:421 709 452 738
image_9_22:488 861 518 889
image_9_23:488 711 518 739
image_9_24:488 561 518 589
image_9_1:23 236 516 310
image_9_2:20 923 517 960
image_9_3:18 0 331 97
image_9_4:301 0 540 41
image_9_5:216 147 333 209
image_9_6:420 342 540 453
image_9_7:142 369 295 422
image_9_8:20 773 110 868
image_9_9:21 473 93 568
image_9_10:19 621 129 682
image_9_11:203 654 263 739
image_9_12:31 55 88 94
image_9_13:355 843 388 890
image_9_14:355 693 388 740
image_9_15:302 543 333 590
image_9_16:111 543 140 588
image_9_17:153 843 181 885
image_9_18:153 693 181 735
image_9_19:395 559 426 588
image_9_20:421 859 452 888
image_9_21:421 709 452 738
image_9_22:488 861 518 889
image_9_23:488 711 518 739
image_9_24:488 561 518 589
image_9_1:23 236 516 310
image_9_2:20 923 517 960
image_9_3:18 0 331 97
image_9_4:301 0 540 41
image_9_5:216 147 333 209
image_9_6:420 342 540 453
image_9_7:142 369 295 422
image_9_8:20 773 110 868
image_9_9:21 473 93 568
image_9_10:19 621 129 682
image_9_11:203 654 263 739
image_9_12:31 55 88 94
image_9_13:355 843 388 890
image_9_14:355 693 388 740
image_9_15:302 543 333 590
image_9_16:111 543 140 588
image_9_17:153 843 181 885
image_9_18:153 693 181 735
image_9_19:395 559 426 588
image_9_20:421 859 452 888
image_9_21:421 709 452 738
image_9_22:488 861 518 889
image_9_23:488 711 518 739
image_9_24:488 561 518 589
