image_8_1:12 670 448 718
image_8_2:228 0 480 48
image_8_3:21 366 201 413
image_8_4:21 465 174 512
image_8_5:22 274 132 332
image_8_6:176 57 303 104
image_8_7:20 230 166 269
image_8_8:326 358 453 399
image_8_9:20 137 129 176
image_8_10:205 610 274 655
image_8_11:13 59 76 102
image_8_12:3 0 51 37
image_8_1:12 670 448 718
image_8_2:228 0 480 48
image_8_3:21 366 201 413
image_8_4:21 465 174 512
image_8_5:22 274 132 332
image_8_6:176 57 303 104
image_8_7:20 230 166 269
image_8_8:326 358 453 399
image_8_9:20 137 129 176
image_8_10:205 610 274 655
image_8_11:13 59 76 102
image_8_12:3 0 51 37
image_8_1:12 670 448 718
image_8_2:228 0 480 48
image_8_3:21 366 201 413
image_8_4:21 465 174 512
image_8_5:22 274 132 332
image_8_6:176 57 303 104
image_8_7:20 230 166 269
image_8_8:326 358 453 399
image_8_9:20 137 129 176
image_8_10:205 610 274 655
image_8_11:13 59 76 102
image_8_12:3 0 51 37
image_8_1:12 670 448 718
image_8_2:228 0 480 48
image_8_3:21 366 201 413
image_8_4:21 465 174 512
image_8_5:22 274 132 332
image_8_6:176 57 303 104
image_8_7:20 230 166 269
image_8_8:326 358 453 399
image_8_9:20 137 129 176
image_8_10:205 610 274 655
image_8_11:13 59 76 102
image_8_12:3 0 51 37
